--------------------------------
1	4	0.00034
2	6	0.00065
3	8	0.00081
4	9	0.00090
5	9	0.00094
6	9	0.00097
7	9	0.00100
8	9	0.00103
Duration: 1128 ms
--------------------------------

--------------------------------
1	6	0.00028
2	7	0.00045
3	9	0.00056
4	10	0.00067
5	10	0.00071
6	10	0.00074
7	10	0.00077
8	10	0.00080
Duration: 895 ms
--------------------------------

--------------------------------
1	5	0.00026
2	6	0.00042
3	8	0.00055
4	10	0.00064
5	10	0.00069
6	10	0.00072
7	10	0.00076
8	10	0.00079
9	10	0.00083
Duration: 922 ms
--------------------------------

--------------------------------
1	5	0.00026
2	6	0.00046
3	7	0.00061
4	8	0.00072
5	9	0.00081
6	9	0.00086
7	9	0.00089
8	9	0.00093
9	9	0.00097
10	9	0.00100
Duration: 1098 ms
--------------------------------

--------------------------------
1	6	0.00028
2	7	0.00047
3	8	0.00059
4	9	0.00070
5	10	0.00079
6	10	0.00084
7	10	0.00088
8	10	0.00091
9	10	0.00095
10	10	0.00098
Duration: 1074 ms
--------------------------------

--------------------------------
1	6	0.00028
2	8	0.00045
3	9	0.00060
4	11	0.00070
5	11	0.00076
6	11	0.00080
7	11	0.00084
8	11	0.00088
9	11	0.00092
10	11	0.00096
11	11	0.00100
Duration: 1112 ms
--------------------------------

--------------------------------
1	5	0.00016
2	7	0.00031
3	8	0.00040
4	9	0.00048
5	9	0.00052
6	9	0.00055
7	9	0.00058
8	9	0.00061
9	9	0.00064
10	9	0.00068
11	9	0.00070
12	9	0.00073
Duration: 807 ms
--------------------------------

--------------------------------
1	5	0.00016
2	6	0.00028
3	7	0.00036
4	9	0.00044
5	9	0.00048
6	9	0.00051
7	9	0.00054
8	9	0.00057
9	9	0.00060
10	9	0.00063
11	9	0.00066
12	9	0.00069
Duration: 761 ms
--------------------------------

--------------------------------
1	5	0.00017
2	7	0.00030
3	9	0.00039
4	10	0.00046
5	10	0.00049
6	10	0.00053
7	10	0.00056
8	10	0.00059
9	10	0.00062
10	10	0.00065
11	10	0.00068
12	10	0.00071
Duration: 789 ms
--------------------------------

--------------------------------
1	5	0.00019
2	7	0.00036
3	9	0.00045
4	10	0.00053
5	10	0.00056
6	10	0.00059
7	10	0.00062
8	10	0.00065
9	10	0.00068
10	10	0.00071
11	10	0.00074
12	10	0.00077
Duration: 849 ms
--------------------------------

